DateStamp (yyyydddhhmmssmm),Latitude (degrees),Flash Longitude (degrees),Flash Strength (Total Mj)
20211400000200,30.644,-54.2063,101
20211400000200,29.2418,-52.8841,3157
20211400001000,28.3655,-52.5642,634
20211400001000,30.6337,-54.2157,611
20211400001200,34.5695,-57.9413,1226
20211400002000,34.5733,-57.9368,83
20211400002000,30.614,-54.1696,7550
20211400002000,30.6717,-54.15,852
20211400002400,30.6067,-54.2374,86
20211400002400,28.3247,-52.5777,246
20211400003000,30.9444,-54.8677,1159
20211400003000,34.5744,-57.9302,343
20211400003200,30.1018,-55.1262,1647
20211400003200,30.6364,-54.2176,194
20211400003200,34.5657,-57.9749,1527
20211400003400,30.3726,-54.1985,43
20211400004000,34.5842,-57.9343,8
20211400004200,30.6013,-54.1844,2341
20211400004200,29.2517,-52.8625,3592
20211400004200,30.105,-55.1036,274
20211400004400,30.3709,-54.1828,101
20211400004400,30.6213,-54.2366,201
20211400005000,34.5777,-57.9533,265
20211400005200,30.6215,-54.224,72
20211400005200,30.8041,-52.0096,3812
20211400005400,30.3792,-54.1976,806
20211400006000,28.3455,-52.5423,2378
20211400006400,30.3784,-54.2107,24
20211400006400,30.6318,-54.1967,1379
20211400006400,29.2353,-52.8659,490
20211400006400,34.5652,-57.9503,608
20211400007200,30.3823,-54.1532,2778
20211400007400,30.8042,-54.9254,448
20211400007400,30.6404,-54.1949,743
20211400008000,30.4161,-54.1876,27
20211400008200,30.8427,-54.9152,101
20211400008200,30.3766,-54.1979,40
20211400009000,30.6301,-54.1804,2640
20211400009200,30.827,-52.0916,1563
20211400009400,30.3904,-54.1875,230
20211400010400,30.8897,-54.8911,2579
20211400010400,30.9573,-54.9317,1228
20211400010400,30.7078,-54.1584,2067
20211400010400,30.8422,-52.1226,162
20211400010400,30.1956,-52.9255,3461
20211400010400,30.4111,-54.1757,109
20211400011200,30.1774,-52.9793,21
20211400011400,30.8719,-54.877,341
20211400012000,30.1983,-52.9461,328
20211400012000,30.4083,-54.183,500
20211400012200,30.6726,-54.1886,446
20211400012200,30.177,-52.9535,146
20211400012400,30.9232,-54.8808,250
20211400013000,30.8158,-52.0811,528
20211400013000,30.2022,-52.9341,183
20211400013400,30.1867,-52.9562,130
20211400014200,30.2178,-52.9113,86
20211400014200,30.4688,-54.0799,872
20211400015000,28.1574,-52.6931,622
20211400015000,30.1108,-55.1024,343
20211400015400,30.196,-52.9262,393
20211400016000,30.1131,-55.1087,38
20211400016400,29.9946,-53.1489,346
20211400017000,30.1147,-55.0955,130
20211400017200,30.19,-52.9354,449
20211400018000,30.1389,-55.0834,62
20211400019200,28.1769,-52.6322,396
20211400019200,26.6865,-53.3334,129
20211400019400,30.9445,-54.8892,2891
20211400019400,30.9033,-54.8361,13
20211400020000,30.2311,-52.929,1151
20211400020200,28.0668,-52.4852,24
20211400020400,28.0691,-52.4363,6
20211400021000,30.022,-53.1403,515
20211400021000,28.0739,-52.4894,23
20211400021000,28.1918,-52.6237,144
20211400021200,28.0706,-52.4672,89
20211400021400,30.815,-52.1235,1147
20211400021400,30.3028,-55.0423,3642
20211400022200,30.2072,-52.9002,289
20211400022200,28.0725,-52.4418,181
20211400022400,30.298,-55.0488,190
20211400022400,28.0683,-52.4388,7
20211400023000,28.1059,-52.4443,48
20211400023200,30.035,-53.1364,573
20211400023200,28.1114,-52.452,67
20211400023400,30.2067,-52.9236,220
20211400023400,30.773,-53.9148,7888
20211400024000,28.0772,-52.4363,217
20211400024200,28.1398,-52.4366,16
20211400024400,28.0848,-52.4082,1303
20211400025000,30.2398,-52.9193,428
20211400025000,30.0348,-53.1348,297
20211400025000,30.8615,-52.0868,2529
20211400025200,28.0759,-52.4516,68
20211400025400,28.0722,-52.4443,31
20211400025400,28.148,-52.4161,5
20211400026200,30.7555,-53.9294,2677
20211400026200,30.2211,-52.8512,295
20211400026200,28.1332,-52.4297,190
20211400026200,30.0337,-53.1428,208
20211400027000,28.1481,-52.4154,6
20211400027200,34.5964,-57.741,279
20211400027400,30.892,-52.0867,642
20211400027400,28.083,-52.4476,269
20211400028000,28.1589,-52.4223,15
20211400028000,30.2987,-55.0119,437
20211400028200,31.0208,-54.8105,3491
20211400028200,28.0894,-52.4597,178
20211400028400,30.0319,-53.1416,543
20211400028400,28.1469,-52.4161,7
20211400029000,34.6026,-57.7203,51
20211400029200,28.1103,-52.4311,50
20211400029400,30.2534,-52.8823,1561
20211400030000,28.1136,-52.4354,17
20211400030200,30.9668,-54.5699,1995
20211400030200,30.937,-54.3327,5
20211400030200,30.9854,-54.6332,223
20211400030400,28.0886,-52.4332,157
20211400030400,30.2564,-52.9005,55
20211400031000,34.7517,-58.2561,854
20211400031400,30.2563,-52.8848,71
20211400032000,28.1113,-52.4224,88
20211400032200,30.9235,-54.4892,154
20211400033000,28.0847,-52.4382,242
20211400034200,30.9483,-54.4906,264
20211400036200,30.28,-52.7902,4526
20211400037000,31.0365,-54.5485,9360
20211400037000,31.0281,-54.6339,1906
20211400038400,30.3176,-52.7744,1478
20211400038400,28.0217,-53.5582,12
20211400039000,30.3644,-52.6748,724
20211400040200,30.5566,-51.8641,2608
20211400041000,25.89,-54.1896,405
20211400041200,30.3605,-52.7091,1159
20211400042200,29.5525,-52.8147,292
20211400042400,30.5354,-51.9043,236
20211400043000,30.3977,-52.6799,374
20211400044000,29.5327,-52.8157,449
20211400044200,27.6914,-53.0408,79
20211400044400,29.5213,-52.8063,475
20211400044400,30.8553,-53.667,4274
20211400045000,28.1481,-52.3813,299
20211400045000,25.9004,-54.1736,251
20211400045200,29.5524,-52.7893,410
20211400045400,29.5454,-52.7975,51
20211400046200,29.5329,-52.797,91
20211400046200,28.2311,-52.5933,483
20211400046200,30.935,-53.7401,580
20211400047200,29.591,-52.7957,259
20211400048000,29.6132,-52.8028,101
20211400048200,30.9165,-53.7594,121
20211400048400,30.2312,-52.9732,89
20211400048400,29.5425,-52.773,655
20211400049000,34.7189,-57.8532,3026
20211400049400,34.7426,-57.8724,8
20211400049400,29.5626,-52.764,723
20211400050200,34.7243,-57.8706,1100
20211400050400,29.5435,-52.7714,121
20211400051000,30.2806,-51.9859,205
20211400052200,29.5469,-52.7667,679
20211400052400,34.7247,-57.878,1601
20211400053400,30.3124,-52.7896,6937
20211400054000,29.5863,-52.719,578
20211400055000,34.7095,-57.8847,2501
20211400056200,34.7104,-57.8909,284
20211400056400,30.2601,-52.8611,1799
20211400057000,29.573,-52.7531,805
20211400058000,29.5882,-52.7642,79
20211400058200,34.7863,-55.4271,2526
20211400059400,29.5799,-52.7116,144
20211400059400,30.4559,-52.6036,2775
20211400101000,30.9101,-53.4654,2021
20211400101400,28.2873,-52.5255,1074
20211400103000,29.6112,-52.7012,590
20211400103200,35.3179,-56.0306,327
20211400104000,28.2783,-52.5356,630
20211400105200,29.6269,-52.6985,335
20211400106400,35.3043,-56.0604,538
20211400107000,30.963,-53.5066,2075
20211400108400,30.9793,-52.1511,3724
20211400109200,28.2899,-52.459,1387
20211400110200,30.9675,-52.1867,60
20211400110200,30.3475,-52.8216,2045
20211400111000,28.4173,-52.9571,69
20211400111000,35.324,-56.0864,309
20211400111200,30.5422,-54.0265,182
20211400113000,31.0267,-52.1538,736
20211400113200,31.0228,-53.5115,1635
20211400114400,31.043,-53.6234,135
20211400115000,30.881,-53.5532,123
20211400115200,31.0749,-53.6204,8
20211400115400,31.0436,-52.1572,737
20211400116000,30.2679,-52.9793,10
20211400116000,28.4553,-52.8173,325
20211400116400,31.0738,-53.587,482
20211400116400,31.1029,-53.5662,30
20211400116400,31.0211,-52.1663,64
20211400117400,30.8905,-53.5208,220
20211400118000,31.1234,-53.5799,890
20211400118400,30.879,-53.5591,28
20211400119000,30.3754,-52.8177,3933
20211400119200,30.3142,-52.8703,477
20211400119400,31.2162,-53.3587,103
20211400119400,28.4752,-52.8301,352
20211400119400,30.8873,-53.5436,93
20211400120000,31.0219,-52.1961,1434
20211400120200,30.8831,-53.5529,84
20211400120200,31.0848,-53.5704,1201
20211400120200,30.3432,-52.8612,17
20211400120400,30.8996,-53.5485,93
20211400120400,28.4966,-52.8257,58
20211400121000,31.1389,-53.6061,147
20211400121200,31.1347,-53.6054,224
20211400122000,35.3676,-56.5682,64
20211400122000,31.1365,-53.5995,482
20211400122400,30.353,-52.8199,6045
20211400122400,30.3101,-52.869,48
20211400122400,31.1414,-53.6064,136
20211400123200,31.1471,-53.6094,133
20211400124000,31.17,-53.5768,385
20211400124000,30.3571,-52.8519,382
20211400124400,34.9546,-55.6392,4634
20211400125000,31.1417,-53.6166,740
20211400125400,30.3617,-52.8315,383
20211400126000,31.1396,-53.6173,485
20211400126400,31.1494,-53.611,129
20211400127200,31.1538,-53.609,255
20211400128200,31.3048,-53.36,40
20211400128200,31.0622,-52.1934,1647
20211400128400,31.1785,-53.6135,385
20211400129000,31.2099,-53.4664,105
20211400130000,31.1914,-53.6121,252
20211400130200,27.593,-52.6534,4
20211400130400,30.4056,-52.7804,1861
20211400130400,30.2526,-52.7371,142
20211400131200,31.1939,-53.5426,859
20211400132000,27.6212,-52.6776,69
20211400132400,30.4916,-52.8687,14
20211400132400,31.1924,-53.6312,215
20211400132400,27.6072,-52.6604,68
20211400133200,31.2649,-53.3993,1413
20211400134000,27.5924,-52.6533,17
20211400134200,29.7135,-52.7286,69
20211400134400,31.2288,-53.4681,1325
20211400135000,29.7233,-52.7252,14
20211400135200,30.3843,-52.8251,6950
20211400135400,31.2499,-53.4694,114
20211400135400,29.7313,-52.7057,37
20211400136200,29.7281,-52.6884,89
20211400136400,27.6167,-52.6449,392
20211400137000,30.3745,-52.8412,2448
20211400137400,27.6054,-52.6533,300
20211400138000,30.4157,-52.8287,2679
20211400138000,29.7381,-52.652,273
20211400138400,30.3921,-52.8569,554
20211400139000,29.7355,-52.6572,48
20211400139000,27.6092,-52.6405,208
20211400139200,29.7374,-52.6476,68
20211400139200,27.6156,-52.6467,33
20211400139400,27.6197,-52.6466,43
20211400140000,29.7342,-52.6393,119
20211400140200,27.6068,-52.6495,35
20211400140400,30.4295,-52.8213,3859
20211400140400,29.7489,-52.6528,62
20211400141200,27.623,-52.6423,96
20211400141400,30.4851,-52.0266,10
20211400141400,29.7621,-52.6445,113
20211400141400,30.3577,-52.8617,385
20211400141400,35.5939,-55.9549,465
20211400142200,27.6137,-52.6268,276
20211400142400,30.481,-52.0127,17
20211400143200,29.7721,-52.6237,130
20211400143400,27.6236,-52.6143,373
20211400143400,35.3613,-56.8091,100
20211400143400,30.4403,-52.8319,1424
20211400145000,29.7921,-52.6176,69
20211400145000,27.6415,-52.6266,199
20211400145400,27.6566,-52.6231,69
20211400145400,30.4666,-52.8402,1288
20211400145400,30.4815,-51.986,120
20211400147000,27.6507,-52.5901,134
20211400147200,30.4415,-52.8361,1338
20211400147400,30.5296,-51.9612,278
20211400148200,27.6754,-52.6333,118
20211400148400,35.3864,-56.7401,215
20211400148400,30.7253,-51.9689,1298
20211400149200,30.7263,-51.9756,27
20211400149200,27.6696,-52.6121,234
20211400149400,27.6861,-52.6513,32
20211400150000,30.7184,-51.969,121
20211400150400,27.6836,-52.6232,155
20211400150400,30.7248,-51.9685,14
20211400150400,30.5464,-51.9442,262
20211400151200,30.7323,-51.9708,81
20211400151200,27.6884,-52.6112,128
20211400151400,35.3973,-56.7523,146
20211400152000,30.7181,-51.9629,87
20211400152000,27.6657,-52.5743,100
20211400152400,30.5096,-52.7421,3318
20211400153000,27.6379,-52.6035,57
20211400153200,30.7228,-51.9461,359
20211400153400,26.0888,-53.5509,213
20211400153400,30.5425,-51.9272,193
20211400153400,30.5803,-52.0601,49
20211400154000,27.6807,-52.591,138
20211400154200,30.7297,-51.9567,168
20211400154400,30.5038,-52.7373,2033
20211400154400,26.0827,-53.5559,56
20211400155200,30.584,-52.0423,234
20211400155400,35.5709,-56.1601,5037
20211400156000,30.5096,-52.7257,2557
20211400156000,26.0906,-53.5528,24
20211400156000,30.606,-52.0491,29
20211400156200,27.6914,-52.6018,265
20211400156200,30.7241,-51.9442,218
20211400157000,30.5736,-52.0259,172
20211400157000,30.5287,-52.7861,332
20211400157400,30.5804,-51.9884,1222
20211400158000,30.7298,-51.9321,171
20211400158200,30.5847,-51.9744,112
20211400158400,30.8519,-51.8785,501
20211400158400,30.5978,-52.021,29
20211400159000,30.5385,-52.7529,1814
20211400159200,30.597,-52.0145,134
20211400200000,30.5964,-51.989,444
20211400200400,30.6119,-52.0104,48
20211400200400,30.5191,-52.7588,970
20211400201200,30.4323,-54.7136,199
20211400201400,30.6183,-52.0093,21
20211400202200,30.6026,-51.9738,187
20211400203200,30.6163,-51.9885,58
20211400204400,30.6109,-51.9708,39
20211400205200,30.4462,-54.6505,503
20211400205200,30.7946,-51.8256,6949
20211400207000,30.637,-52.6927,2579
20211400207200,30.451,-54.6575,538
20211400208000,30.8001,-51.8456,2737
20211400208000,31.2971,-52.0566,1538
20211400208400,30.4563,-54.657,399
20211400209000,30.7977,-51.9444,214
20211400209200,30.653,-52.677,140
20211400209400,30.7927,-51.9486,13
20211400209400,30.8117,-51.9232,963
20211400210200,30.8053,-51.9443,10
20211400210400,30.8015,-51.9468,136
20211400211000,30.7983,-51.9464,19
20211400211200,28.3383,-52.0555,3900
20211400211200,30.6269,-51.9683,357
20211400211400,30.4308,-52.6606,33
20211400212000,30.8166,-51.8652,2261
20211400212000,28.3234,-52.0789,449
20211400212400,29.7393,-52.5872,489
20211400212400,30.8175,-51.9265,48
20211400213000,30.6359,-51.9704,27
20211400213200,30.8019,-51.9294,46
20211400213200,28.3425,-52.0298,1089
20211400213400,30.8201,-51.8761,206
20211400214000,28.3192,-52.0174,42
20211400214000,31.076,-53.6037,237
20211400214200,30.8101,-51.93,29
20211400214200,30.8085,-51.9268,51
20211400214400,31.0747,-53.603,66
20211400214400,30.8058,-51.9186,86
20211400215000,28.3645,-51.9951,1041
20211400215200,30.8101,-51.9028,115
20211400215200,31.1076,-53.6051,62
20211400216200,31.1008,-53.6105,174
20211400216400,28.326,-52.0588,858
20211400216400,30.8181,-51.8475,952
20211400217000,30.9733,-53.733,1133
20211400217000,31.1179,-53.5638,435
20211400217000,30.6513,-51.9864,2157
20211400217200,30.8321,-51.9337,135
20211400217400,28.3756,-51.9852,1891
20211400217400,31.1038,-53.5979,192
20211400218000,28.3174,-51.9854,5
20211400218200,30.8103,-51.9123,359
20211400218200,28.3324,-52.0623,479
20211400218200,28.3174,-51.9853,11
20211400218200,31.1016,-53.6115,413
20211400218400,31.1042,-53.6031,48
20211400219000,28.3178,-52.0559,251
20211400219000,31.1055,-53.6202,18
20211400219200,27.8042,-52.4825,67
20211400219200,28.3176,-51.9848,8
20211400219200,28.3181,-51.9579,23
20211400219200,30.6609,-51.9905,1586
20211400219200,31.1077,-53.5962,256
20211400219400,28.2957,-51.9669,40
20211400219400,28.3221,-52.0103,88
20211400219400,28.3183,-51.9652,98
20211400219400,28.3035,-51.9539,38
20211400219400,31.1053,-53.61,30
20211400220000,28.3172,-51.9854,6
20211400220000,28.3179,-51.9705,11
20211400220000,28.3167,-51.9851,37
20211400220000,28.2954,-52.0546,295
20211400220000,28.3241,-51.9748,22
20211400220000,28.2916,-51.9584,44
20211400220000,30.8514,-51.8255,2361
20211400220000,28.3179,-52.0044,11
20211400220200,28.3289,-51.9673,64
20211400220200,28.3187,-51.9848,4
20211400220200,28.3562,-51.9839,2412
20211400220200,28.318,-51.9859,14
20211400220200,31.0952,-53.6217,173
20211400220400,28.3222,-51.9726,35
20211400220400,28.3137,-51.9964,53
20211400220400,28.3271,-51.9708,90
20211400220400,28.3151,-51.9932,53
20211400221000,28.3048,-51.9485,8
20211400221000,28.3171,-51.9927,24
20211400221000,28.3303,-51.9621,195
20211400221000,31.1161,-53.5898,318
20211400221000,30.683,-52.0007,390
20211400221000,28.3093,-51.9762,14
20211400221000,28.3253,-51.9831,22
20211400221200,30.8497,-51.9077,185
20211400221200,28.3167,-51.985,43
20211400221200,28.3723,-52.0176,687
20211400221200,28.3131,-51.9805,63
20211400221200,28.3163,-52.0059,7
20211400221200,31.1104,-53.6153,42
20211400221200,28.305,-51.9767,78
20211400221200,30.847,-51.9008,21
20211400221400,28.3291,-51.9815,11
20211400221400,28.3046,-51.9885,10
20211400221400,28.3175,-51.9973,39
20211400221400,28.4158,-51.9837,148
20211400221400,28.3147,-51.9825,39
20211400221400,28.3061,-51.9702,180
20211400221400,28.324,-51.9833,19
20211400221400,28.3076,-52.0045,15
20211400222000,28.3334,-51.9629,157
20211400222000,28.3257,-51.9877,67
20211400222000,31.1154,-53.6068,100
20211400222000,30.4453,-52.653,167
20211400222000,28.3221,-51.9771,26
20211400222000,28.33,-51.9702,199
20211400222000,28.3175,-51.9856,7
20211400222000,28.3221,-52.0262,115
20211400222200,28.3248,-51.9644,216
20211400222200,28.3178,-51.9851,13
20211400222200,28.393,-52.0388,145
20211400222200,28.3221,-51.9787,77
20211400222200,30.8609,-51.9111,84
20211400222200,28.3216,-51.9803,60
20211400222200,28.3186,-51.9851,9
20211400222200,28.32,-51.9639,137
20211400222200,31.1223,-53.6171,131
20211400222200,28.3182,-51.9861,7
20211400222200,28.3241,-51.9787,28
20211400222200,28.3185,-51.9862,11
20211400222400,28.3225,-51.9364,128
20211400222400,30.4386,-52.6382,9
20211400222400,28.3426,-52.0087,26
20211400222400,30.6956,-51.9844,251
20211400222400,28.3369,-51.9733,49
20211400222400,28.3175,-51.986,7
20211400222400,28.3231,-51.9449,189
20211400223000,28.4195,-51.9694,12
20211400223000,28.3217,-51.9781,93
20211400223000,28.3285,-51.9437,28
20211400223000,28.319,-51.9871,48
20211400223000,31.1914,-53.5549,3427
20211400223000,28.3431,-51.9586,662
20211400223000,28.3181,-51.9754,18
20211400223000,28.3192,-51.9497,32
20211400223000,28.3155,-52.0296,15
20211400223200,28.3637,-51.9677,33
20211400223200,28.3201,-51.951,214
20211400223200,30.8592,-51.911,64
20211400223200,28.3126,-51.9581,41
20211400223200,28.3172,-52.006,11
20211400223200,28.3385,-51.9796,14
20211400223200,35.5394,-56.1786,5382
20211400223200,35.5149,-56.2839,660
20211400223200,28.3239,-51.9412,437
20211400223200,30.4544,-52.6485,20
20211400223200,28.3735,-52.0068,50
20211400223400,31.1097,-53.6261,132
20211400223400,28.3267,-51.9228,239
20211400223400,28.3183,-51.9726,15
20211400223400,28.3202,-51.9601,177
20211400223400,28.3238,-51.9905,143
20211400223400,31.1042,-53.6281,8
20211400224000,28.3412,-51.9646,717
20211400224000,28.3185,-51.9663,10
20211400224000,28.3178,-51.9851,6
20211400224000,28.4348,-51.9474,64
20211400224000,28.3346,-51.9433,49
20211400224000,30.4706,-52.6282,6
20211400224000,28.3178,-51.9853,11
20211400224000,28.3253,-51.9631,44
20211400224000,28.3107,-51.9502,17
20211400224200,28.3167,-51.999,11
20211400224200,28.3281,-51.9388,146
20211400224200,31.123,-53.612,305
20211400224200,28.343,-51.9319,422
20211400224200,28.2959,-51.9656,28
20211400224200,28.316,-51.9452,79
20211400224200,28.3344,-51.9093,506
20211400224200,30.4744,-52.6637,35
20211400224400,28.3433,-51.9888,43
20211400224400,28.3266,-51.9657,60
20211400224400,30.8425,-51.8669,760
20211400224400,28.3288,-51.9634,253
20211400224400,31.1056,-53.6101,15
20211400224400,28.3266,-51.983,14
20211400224400,28.3455,-51.9534,304
20211400225000,28.3175,-51.9855,7
20211400225000,30.4788,-52.618,80
20211400225000,28.4759,-51.9417,15
20211400225000,28.389,-51.9814,1686
20211400225000,28.3171,-51.9957,21
20211400225000,31.1283,-53.5801,340
20211400225000,28.3148,-51.8968,145
20211400225000,28.3178,-51.9845,6
20211400225000,28.347,-51.9713,183
20211400225200,28.3209,-51.9026,11
20211400225200,28.3221,-51.889,15
20211400225200,28.3491,-51.9401,100
20211400225200,28.341,-51.9785,7
20211400225200,28.3081,-51.9874,12
20211400225200,30.8528,-51.9213,23
20211400225200,28.3329,-51.8956,366
20211400225200,28.3183,-51.9909,57
20211400225400,28.303,-51.9674,69
20211400225400,28.3425,-51.9834,61
20211400225400,28.3246,-51.8918,40
20211400225400,28.3301,-51.974,131
20211400225400,28.3445,-51.9926,123
20211400225400,30.4795,-52.6812,14
20211400225400,31.1288,-53.6038,198
20211400225400,28.3461,-51.8896,177
20211400226000,28.3403,-51.9963,183
20211400226000,28.3374,-51.8896,27
20211400226000,28.3887,-51.9606,453
20211400226000,30.4863,-52.6316,479
20211400226000,28.3267,-51.9827,13
20211400226000,28.3489,-51.8828,30
20211400226200,30.8697,-51.8641,302
20211400226200,31.1256,-53.6,554
20211400226200,28.3684,-51.972,30
20211400226200,28.3176,-52.0104,13
20211400226200,28.3467,-51.9682,31
20211400226200,30.4842,-52.6711,28
20211400226200,28.338,-51.8888,344
20211400226200,28.3453,-51.9772,14
20211400226200,28.3905,-51.9494,21
20211400226400,28.3089,-51.9672,35
20211400226400,30.4928,-52.6832,19
20211400226400,28.3441,-51.978,34
20211400226400,30.5038,-52.6069,23
20211400226400,28.36,-51.8778,3
20211400226400,28.365,-51.9626,97
20211400226400,30.4992,-52.7181,8
20211400226400,30.8382,-51.9473,189
20211400226400,28.3417,-51.9463,140
20211400226400,30.4765,-52.6716,47
20211400226400,28.3395,-51.9921,94
20211400226400,28.3876,-51.9006,197
20211400227000,30.8478,-51.9564,90
20211400227000,28.3365,-51.896,340
20211400227000,30.5022,-52.6435,6
20211400227000,28.3406,-51.9787,10
20211400227000,28.3933,-51.9671,114
20211400227000,30.8624,-51.9256,215
20211400227000,30.4992,-52.7068,15
20211400227000,28.3168,-52.0004,44
20211400227000,28.3499,-51.9626,62
20211400227000,30.4878,-52.5935,81
20211400227000,30.5009,-52.6935,13
20211400227200,31.1343,-53.58,190
20211400227200,28.3398,-51.9788,50
20211400227200,28.3252,-51.9595,359
20211400227200,28.3983,-51.9172,133
20211400227200,28.3177,-51.9845,5
20211400227200,28.3383,-51.9736,30
20211400227400,28.2997,-51.9884,27
20211400227400,28.3812,-51.9375,192
20211400227400,28.3439,-51.8493,234
20211400227400,30.4737,-52.6576,166
20211400227400,28.317,-51.977,74
20211400227400,28.3178,-51.9852,11
20211400227400,28.3495,-51.9754,107
20211400227400,28.4043,-51.9523,997
20211400227400,28.348,-51.9763,23
20211400228000,30.4856,-52.6587,47
20211400228000,28.3431,-51.9687,206
20211400228000,28.3823,-51.913,428
20211400228000,28.3381,-51.9628,25
20211400228000,30.8421,-51.8919,849
20211400228000,28.3127,-51.9866,21
20211400228000,28.3562,-51.8685,88
20211400228000,30.4905,-52.6629,135
20211400228000,28.3003,-52.0019,155
20211400228000,28.3962,-51.9768,49
20211400228200,28.3508,-51.9699,40
20211400228200,30.5055,-52.6954,46
20211400228200,28.3931,-51.8958,72
20211400228200,28.3196,-51.978,33
20211400228200,28.3085,-51.9626,47
20211400228200,31.2069,-53.5954,3055
20211400228200,30.4901,-52.634,514
20211400228200,28.3582,-51.9683,42
20211400228200,28.3436,-51.9536,106
20211400228400,30.4909,-52.6665,104
20211400228400,28.3282,-52.002,14
20211400228400,30.8398,-51.9145,34
20211400228400,28.3083,-51.975,145
20211400228400,28.3969,-51.9153,427
20211400228400,28.3171,-51.9905,27
20211400228400,28.3879,-51.9162,24
20211400228400,30.4937,-52.644,72
20211400228400,28.3271,-51.9727,92
20211400228400,28.3236,-51.9732,67
20211400228400,35.552,-56.2017,4039
20211400229000,28.3271,-51.9713,25
20211400229000,28.3173,-51.9854,6
20211400229000,30.4962,-52.6626,131
20211400229000,28.329,-51.9252,49
20211400229000,28.352,-51.8205,129
20211400229000,30.8628,-51.9208,462
20211400229000,28.3294,-51.9682,76
20211400229000,30.4992,-52.6674,188
20211400229000,28.3189,-51.9576,216
20211400229000,28.3973,-51.9416,77
20211400229000,28.3216,-51.9744,47
20211400229000,28.3158,-52.0171,39
20211400229200,30.5045,-52.6591,420
20211400229200,30.8492,-51.9244,54
20211400229200,28.3837,-51.9491,21
20211400229200,28.3198,-51.9264,274
20211400229200,28.3187,-51.9719,120
20211400229200,30.504,-52.6192,9
20211400229200,28.323,-51.9837,24
20211400229200,30.5001,-52.6251,34
20211400229200,28.3627,-51.8972,335
20211400229200,28.3294,-51.9525,20
20211400229200,30.8581,-51.9277,8
20211400229400,30.4967,-52.6637,62
20211400229400,28.3359,-51.7793,67
20211400229400,28.3247,-51.9877,122
20211400229400,28.407,-51.8671,69
20211400229400,28.3264,-51.9688,30
20211400229400,28.3181,-51.9663,60
20211400229400,30.5024,-52.6441,33
20211400229400,31.1521,-53.5515,768
20211400229400,28.3377,-51.956,42
20211400229400,28.3245,-51.9739,23
20211400229400,28.3373,-51.9798,37
20211400229400,30.5173,-52.6652,41
20211400230000,28.3127,-51.9408,118
20211400230000,28.3177,-51.9992,16
20211400230000,28.3259,-51.929,816
20211400230000,30.4941,-52.6329,39
20211400230000,28.3774,-51.784,47
20211400230000,28.3171,-51.9714,108
20211400230000,30.8585,-51.9175,147
20211400230000,28.377,-51.8914,263
20211400230000,28.3093,-51.9985,50
20211400230000,28.3387,-51.9795,6
20211400230000,28.32,-51.9016,12
20211400230000,28.3268,-51.9599,58
20211400230000,30.5161,-52.6491,517
20211400230000,28.332,-51.9145,158
20211400230200,28.3201,-51.9386,8
20211400230200,28.3177,-51.9909,80
20211400230200,28.4026,-51.934,161
20211400230200,28.3519,-51.9651,38
20211400230200,30.5055,-52.6344,161
20211400230200,35.5587,-56.2173,474
20211400230200,28.3186,-51.9376,180
20211400230200,28.3266,-51.9899,30
20211400230200,28.3304,-51.8965,78
20211400230200,30.5066,-52.6615,145
20211400230200,28.3162,-51.9302,86
20211400230200,28.317,-51.9951,46
20211400230200,30.8614,-51.9168,212
20211400230400,30.5267,-52.6237,47
20211400230400,28.3892,-51.8362,15
20211400230400,28.3305,-51.9205,176
20211400230400,28.3312,-51.8834,397
20211400230400,28.3142,-51.9721,199
20211400230400,30.5099,-52.6471,238
20211400230400,28.3272,-51.9761,50
20211400230400,28.3203,-51.9376,20
20211400230400,28.3581,-51.9597,160
20211400231000,28.3822,-51.8874,28
20211400231000,30.5236,-52.6451,151
20211400231000,28.3257,-51.9652,22
20211400231000,30.8763,-51.8743,3370
20211400231000,28.4451,-51.8705,462
20211400231000,28.3587,-51.9542,35
20211400231000,28.3283,-51.9029,40
20211400231000,30.5123,-52.6472,57
20211400231000,28.3271,-51.9371,49
20211400231000,28.3256,-51.9826,16
20211400231000,28.3637,-51.9369,166
20211400231000,28.3381,-51.8838,8
20211400231000,28.4005,-51.8666,5
20211400231200,30.4971,-52.6801,170
20211400231200,28.3188,-51.9085,113
20211400231200,28.361,-51.9049,10
20211400231200,30.8578,-51.9274,8
20211400231200,28.3453,-51.9636,13
20211400231200,28.3201,-51.919,9
20211400231200,28.4143,-51.9112,262
20211400231200,28.3436,-51.9645,45
20211400231200,28.3356,-51.8573,147
20211400231200,30.5101,-52.6441,238
20211400231200,28.3307,-51.951,70
20211400231200,28.3606,-51.892,10
20211400231400,28.3277,-51.8874,41
20211400231400,28.3343,-51.9804,16
20211400231400,30.5089,-52.6521,400
20211400231400,28.3172,-51.9846,24
20211400231400,30.8583,-51.917,15
20211400231400,28.3604,-51.9584,30
20211400231400,28.4083,-51.9136,123
20211400231400,28.3437,-51.9775,23
20211400231400,30.5152,-52.639,62
20211400231400,28.3212,-51.9741,143
20211400231400,28.4114,-51.8396,68
20211400231400,28.3472,-51.9261,58
20211400232000,28.3496,-51.973,56
20211400232000,30.5143,-52.6327,1027
20211400232000,28.3273,-51.9052,73
20211400232000,28.3185,-51.9843,35
20211400232000,28.3181,-51.9845,10
20211400232000,28.3516,-51.8965,76
20211400232000,28.3412,-51.9787,24
20211400232000,30.5399,-52.645,61
20211400232000,28.3411,-51.8866,43
20211400232000,30.8638,-51.9016,67
20211400232200,28.3231,-51.9901,24
20211400232200,30.5103,-52.6313,449
20211400232200,31.3967,-52.0474,7142
20211400232200,28.3423,-51.9792,11
20211400232200,28.4262,-51.8833,644
20211400232200,28.3329,-51.93,97
20211400232200,30.5298,-52.5836,209
20211400232200,28.3427,-51.8872,115
20211400232200,28.3398,-51.9617,50
20211400232200,28.3211,-51.889,5
20211400232400,30.8588,-51.8934,41
20211400232400,28.321,-51.9863,151
20211400232400,28.3473,-51.9014,191
20211400232400,30.5229,-52.6432,208
20211400232400,28.3358,-51.9618,91
20211400232400,28.4,-51.861,193
20211400232400,28.3318,-51.8914,53
20211400232400,30.5221,-52.6414,185
20211400232400,28.3646,-51.9315,164
20211400232400,28.3232,-51.9862,114
20211400233000,28.3273,-51.8871,43
20211400233000,28.3893,-51.731,19
20211400233000,28.3435,-51.9627,238
20211400233000,28.3324,-51.8955,550
20211400233000,30.5359,-52.6244,273
20211400233000,28.3217,-51.888,5
20211400233000,28.351,-51.9439,132
20211400233000,30.5143,-52.6278,147
20211400233000,28.3515,-51.9733,87
20211400233000,28.3406,-51.8909,364
20211400233200,30.5269,-52.6571,233
20211400233200,28.3232,-51.9815,451
20211400233200,28.3217,-51.8882,10
20211400233200,30.906,-51.8118,2424
20211400233200,28.3394,-51.9079,328
20211400233200,30.5265,-52.6175,283
20211400233200,28.3391,-51.8748,350
20211400233200,28.4483,-51.8043,1424
20211400233200,28.3465,-51.9627,67
20211400233400,30.5364,-52.6505,412
20211400233400,28.3653,-51.9347,756
20211400233400,28.3241,-51.8582,14
20211400233400,28.3285,-51.982,12
20211400233400,31.1941,-53.5757,1151
20211400233400,28.339,-51.8739,53
20211400233400,28.3986,-51.9009,10
20211400234000,28.3346,-51.8782,166
20211400234000,30.5567,-52.6053,970
20211400234000,28.3284,-51.9394,59
20211400234000,28.3648,-51.907,88
20211400234000,30.5145,-52.6611,250
20211400234000,28.4373,-51.8732,607
20211400234000,28.3241,-51.8759,26
20211400234000,28.343,-51.9562,98
20211400234200,28.3474,-51.8682,63
20211400234200,30.5272,-52.5971,65
20211400234200,28.3394,-51.9608,78
20211400234200,28.3477,-51.8958,131
20211400234200,30.5556,-52.6477,29
20211400234200,28.3656,-51.9281,14
20211400234200,28.3342,-51.8694,79
20211400234400,30.5439,-52.5937,836
20211400234400,28.3517,-51.9187,253
20211400234400,28.3901,-51.8989,114
20211400234400,30.5538,-52.6071,402
20211400235000,28.363,-51.8928,400
20211400235000,28.3345,-51.8495,66
20211400235000,30.5835,-52.6586,137
20211400235000,28.3496,-51.8801,417
20211400235000,35.5421,-56.1817,4609
20211400235000,28.3444,-51.9687,141
20211400235000,28.4633,-51.7987,655
20211400235200,28.3553,-51.8635,264
20211400235200,30.3883,-52.3879,672
20211400235200,30.5675,-52.5871,295
20211400235200,28.3632,-51.8797,169
20211400235200,30.517,-52.6886,15
20211400235200,30.5739,-52.6719,82
20211400235200,28.3533,-51.8465,11
20211400235200,28.3348,-51.9655,80
20211400235200,30.9233,-51.8318,325
20211400235400,28.4226,-51.8468,100
20211400235400,28.3579,-51.8892,215
20211400235400,28.329,-51.848,23
20211400235400,30.5798,-52.6335,123
20211400235400,28.3908,-51.9721,24
20211400235400,28.3302,-51.8397,498
20211400235400,30.5753,-52.6726,31
20211400235400,28.3526,-51.9108,194
20211400236000,28.3467,-51.8558,11
20211400236000,30.5725,-52.5665,554
20211400236000,30.5552,-52.6948,41
20211400236000,28.3592,-51.8767,296
20211400236000,28.3498,-51.9481,171
20211400236200,28.3721,-51.8746,26
20211400236200,31.2283,-53.5037,1571
20211400236200,31.3411,-53.4392,1166
20211400236200,28.4556,-51.7981,610
20211400236200,30.5886,-52.6465,228
20211400236200,28.4051,-51.8977,32
20211400236200,28.3286,-51.8185,165
20211400236200,28.3449,-51.8764,26
20211400236400,28.3577,-51.9676,106
20211400236400,28.3578,-51.8541,355
20211400236400,30.4154,-52.394,83
20211400236400,30.5685,-52.6413,675
20211400236400,28.404,-51.8856,87
20211400237000,28.3444,-51.818,164
20211400237000,28.3874,-51.867,248
20211400237000,35.585,-56.2172,2379
20211400237000,30.5825,-52.6426,392
20211400237000,28.3965,-51.9084,281
20211400237200,31.1629,-53.5882,177
20211400237200,28.3496,-51.809,42
20211400237200,28.4043,-51.8759,183
20211400237200,28.447,-51.8773,582
20211400237200,30.6059,-52.6196,142
20211400237200,28.3654,-51.8094,89
20211400237200,28.3913,-51.9175,1018
20211400237200,28.3606,-51.8586,31
20211400237400,30.5841,-52.6669,215
20211400237400,28.4055,-51.8738,90
20211400237400,28.3696,-51.8197,60
20211400237400,30.9461,-51.8492,2470
20211400237400,35.6138,-56.2478,204
20211400237400,30.5895,-52.6225,506
20211400238000,28.4004,-51.8861,464
20211400238000,28.3764,-51.848,269
20211400238000,30.5885,-52.5957,577
20211400238000,28.4109,-51.8642,14
20211400238200,34.8809,-55.2911,924
20211400238200,28.3525,-51.79,88
20211400238200,30.6217,-52.6242,489
20211400238200,28.389,-51.8589,338
20211400238200,28.3882,-51.9524,302
20211400238200,30.5934,-52.6583,266
20211400238400,28.3917,-51.7737,10
20211400238400,35.5649,-56.2175,674
20211400238400,28.4029,-51.8708,499
20211400238400,28.3573,-51.7828,9
20211400239000,31.2092,-53.5644,136
20211400239000,28.3915,-51.8323,242
20211400239000,30.9124,-51.8682,342
20211400239000,28.3673,-51.7883,104
20211400239000,30.5609,-52.6512,5026
20211400239200,28.3825,-51.8764,443
20211400239200,28.3638,-51.781,27
20211400239200,28.3919,-51.79,179
20211400239400,28.3594,-51.7664,64
20211400239400,28.376,-51.8863,190
20211400239400,30.5904,-52.6103,1299
20211400239400,28.4036,-51.8724,969
20211400240000,28.3765,-51.7785,130
20211400240000,28.3549,-51.7549,39
20211400240000,30.9038,-51.8271,1437
20211400240000,28.3955,-51.8133,287
20211400240200,30.6074,-52.6144,697
20211400240200,28.5058,-51.8665,509
20211400240200,28.362,-51.7732,195
20211400240200,28.3903,-51.8185,389
20211400240400,30.5997,-52.5948,376
20211400240400,35.5693,-56.2146,1535
20211400240400,28.3986,-51.9154,342
20211400240400,28.4139,-51.8078,374
20211400241000,30.6609,-52.5907,465
20211400241000,28.4124,-51.7627,43
20211400241200,28.4016,-51.8493,9
20211400241200,30.9139,-51.8942,310
20211400241200,30.5954,-52.6432,1790
20211400241400,28.4075,-51.8107,406
20211400242000,30.6738,-52.592,1363
20211400242200,28.4412,-51.8595,563
20211400242200,30.9347,-51.8005,1516
20211400243000,28.3967,-51.7985,222
20211400243000,30.6474,-52.5872,1430
20211400243200,30.9374,-51.8765,55
20211400243200,28.427,-51.8165,988
20211400243400,30.6229,-52.6309,5746
20211400244000,28.2009,-52.4693,125
20211400244000,31.0877,-51.771,836
20211400244000,30.6419,-52.5689,436
20211400244200,28.4064,-51.871,350
20211400244400,30.6338,-52.595,165
20211400244400,28.4502,-51.8644,555
20211400244400,35.6859,-56.2893,23
20211400245000,30.7259,-52.5567,894
20211400245000,28.4257,-51.7124,670
20211400245000,30.9409,-51.8798,40
20211400245000,31.0758,-53.7368,1100
20211400245200,30.6275,-52.6031,65
20211400245200,28.4156,-51.8656,54
20211400245400,30.683,-52.5914,420
20211400246000,28.4282,-51.8547,753
20211400246000,30.9793,-51.8562,180
20211400246400,30.6786,-52.6003,18
20211400246400,30.6675,-52.6009,194
20211400247000,28.4202,-51.8526,164
20211400247200,30.6874,-52.5658,647
20211400247200,28.4408,-51.8005,1889
20211400247200,30.9571,-51.7966,715
20211400247200,31.1274,-53.7005,1310
20211400247400,35.5647,-56.23,5152
20211400248000,31.111,-53.7493,11
20211400248000,30.7151,-52.5708,326
20211400248200,31.0941,-53.7599,28
20211400248200,28.2535,-52.4467,341
20211400248400,28.4641,-51.8386,630
20211400248400,31.072,-53.7652,12
20211400248400,31.1243,-53.7488,130
20211400248400,30.6988,-52.574,238
20211400249000,30.9694,-51.8302,195
20211400249000,31.0988,-53.7668,9
20211400249200,31.0885,-53.7568,39
20211400250000,28.4905,-51.8103,670
20211400250000,31.1403,-53.7219,410
20211400250000,31.4041,-51.9657,6936
20211400250200,30.721,-52.5505,559
20211400250200,35.5913,-56.2531,3761
20211400250400,30.5913,-52.6295,67
20211400251000,31.0963,-53.7453,125
20211400251000,31.283,-53.6009,1413
20211400251200,28.2569,-52.4614,96
20211400251400,30.6516,-52.5656,1345
20211400252000,31.099,-53.768,9
20211400252000,28.5052,-51.7331,4171
20211400252000,28.4961,-51.7446,1109
20211400252200,28.2574,-52.4549,295
20211400252400,31.1214,-53.7605,108
20211400253200,31.0149,-51.781,4865
20211400253400,31.1042,-53.7024,409
20211400254000,28.2727,-52.4432,245
20211400254000,31.1524,-53.7063,606
20211400254200,30.7574,-52.5385,988
20211400254200,31.0998,-53.753,8
20211400255000,31.1507,-53.7224,58
20211400255200,31.0022,-51.8683,628
20211400255200,29.9846,-52.4257,337
20211400255200,35.5686,-56.2149,5639
20211400256000,28.2834,-52.4537,427
20211400256200,31.0144,-51.8582,949
20211400256200,35.5374,-56.1769,63
20211400256400,31.153,-53.6954,2089
20211400257000,35.6052,-56.2641,2926
20211400257400,35.5409,-56.1692,201
20211400257400,31.7947,-55.1275,2873
20211400257400,31.7813,-55.0951,330
20211400258000,28.3031,-52.4605,37
20211400258200,31.1775,-53.6982,1905
20211400259200,30.5282,-51.9757,155
20211400259200,31.0534,-51.809,1984
20211400259400,31.1451,-53.6639,991
20211400259400,28.3124,-52.4566,59
